-273.192 41.679 42749.211 -0.556 0.000 0.831 -0.001 1.000 -0.001 -0.831 -0.002 -0.556 
-531.396 41.186 42576.676 -0.556 0.000 0.831 -0.001 1.000 -0.001 -0.831 -0.002 -0.556 
-786.522 40.698 42406.211 -0.556 0.000 0.831 -0.001 1.000 -0.001 -0.831 -0.002 -0.556 
-1043.188 40.208 42234.746 -0.556 0.000 0.831 -0.001 1.000 -0.001 -0.831 -0.002 -0.556 
-1298.831 39.719 42063.957 -0.556 0.000 0.831 -0.001 1.000 -0.001 -0.831 -0.002 -0.556 
-1557.038 39.226 41891.430 -0.556 0.000 0.831 -0.001 1.000 -0.001 -0.831 -0.002 -0.556 
-1812.938 38.737 41720.469 -0.556 0.000 0.831 -0.001 1.000 -0.001 -0.831 -0.002 -0.556 
-2068.581 38.248 41549.680 -0.556 0.000 0.831 -0.001 1.000 -0.001 -0.831 -0.002 -0.556 
-2324.730 37.759 41378.543 -0.556 0.000 0.831 -0.001 1.000 -0.001 -0.831 -0.002 -0.556 
-2583.444 37.264 41205.695 -0.556 0.000 0.831 -0.001 1.000 -0.001 -0.831 -0.002 -0.556 
-2841.388 36.771 41033.363 -0.556 0.000 0.831 -0.001 1.000 -0.001 -0.831 -0.002 -0.556 
-3094.717 36.287 40864.113 -0.556 0.000 0.831 -0.001 1.000 -0.001 -0.831 -0.002 -0.556 
-3350.098 35.799 40693.465 -0.556 0.000 0.831 -0.001 1.000 -0.001 -0.831 -0.002 -0.556 
-3609.581 35.303 40520.105 -0.556 0.000 0.831 -0.001 1.000 -0.001 -0.831 -0.002 -0.556 
-3862.910 34.819 40350.848 -0.556 0.000 0.831 -0.001 1.000 -0.001 -0.831 -0.002 -0.556 
-4119.831 34.328 40179.188 -0.556 0.000 0.831 -0.001 1.000 -0.001 -0.831 -0.002 -0.556 
-4378.304 33.834 40006.500 -0.556 0.000 0.831 -0.001 1.000 -0.001 -0.831 -0.002 -0.556 
-4634.212 33.345 39835.504 -0.556 0.000 0.831 -0.001 1.000 -0.001 -0.831 -0.002 -0.556 
-4890.634 32.855 39664.098 -0.556 0.000 0.831 -0.001 1.000 -0.001 -0.831 -0.002 -0.556 
-5147.825 32.364 39492.172 -0.556 0.000 0.831 -0.001 1.000 -0.001 -0.831 -0.002 -0.556 
-5401.682 31.879 39322.484 -0.556 0.000 0.831 -0.001 1.000 -0.001 -0.831 -0.002 -0.556 
-5658.104 31.389 39151.086 -0.556 0.000 0.831 -0.001 1.000 -0.001 -0.831 -0.002 -0.556 
-5915.551 30.897 38979.000 -0.556 0.000 0.831 -0.001 1.000 -0.001 -0.831 -0.002 -0.556 
-6172.487 30.406 38807.250 -0.556 0.000 0.831 -0.001 1.000 -0.001 -0.831 -0.002 -0.556 
-6429.935 29.914 38635.176 -0.556 0.000 0.831 -0.001 1.000 -0.001 -0.831 -0.002 -0.556 
-6684.561 29.427 38465.047 -0.556 0.000 0.831 -0.001 1.000 -0.001 -0.831 -0.002 -0.556 
-6940.213 28.938 38294.254 -0.556 0.000 0.831 -0.001 1.000 -0.001 -0.831 -0.002 -0.556 
-7196.377 28.449 38123.121 -0.556 0.000 0.831 -0.001 1.000 -0.001 -0.831 -0.002 -0.556 
-7453.825 27.957 37951.035 -0.556 0.000 0.831 -0.001 1.000 -0.001 -0.831 -0.002 -0.556 
-7709.989 27.467 37779.812 -0.556 0.000 0.831 -0.001 1.000 -0.001 -0.831 -0.002 -0.556 
-7966.666 26.977 37608.242 -0.556 0.000 0.831 -0.001 1.000 -0.001 -0.831 -0.002 -0.556 
-8222.058 26.489 37437.613 -0.556 0.000 0.831 -0.001 1.000 -0.001 -0.831 -0.002 -0.556 
-8480.767 25.994 37264.738 -0.556 0.000 0.831 -0.001 1.000 -0.001 -0.831 -0.002 -0.556 
-8735.132 25.508 37094.719 -0.556 0.000 0.831 -0.001 1.000 -0.001 -0.831 -0.002 -0.556 
-8991.800 25.018 36923.172 -0.556 0.000 0.831 -0.001 1.000 -0.001 -0.831 -0.002 -0.556 
-9248.197 24.528 36751.852 -0.556 0.000 0.831 -0.001 1.000 -0.001 -0.831 -0.002 -0.556 
-9506.450 24.033 36578.223 -0.562 -0.000 0.827 -0.001 1.000 -0.001 -0.827 -0.002 -0.562 
-9757.943 23.549 36405.629 -0.569 -0.000 0.822 -0.001 1.000 -0.001 -0.822 -0.002 -0.569 
-10012.418 23.052 36224.469 -0.582 -0.000 0.813 -0.001 1.000 -0.001 -0.813 -0.002 -0.582 
-10259.847 22.567 36045.062 -0.595 -0.000 0.804 -0.001 1.000 -0.001 -0.804 -0.002 -0.595 
-10506.356 23.846 35861.691 -0.601 0.000 0.799 0.005 1.000 0.004 -0.799 0.006 -0.601 
-10749.197 25.826 35670.586 -0.633 0.000 0.774 0.005 1.000 0.004 -0.774 0.006 -0.633 
-10984.591 29.356 35468.047 -0.663 0.000 0.748 0.011 1.000 0.009 -0.748 0.014 -0.663 
-11213.883 37.683 35259.230 -0.693 0.001 0.721 0.034 0.999 0.031 -0.720 0.046 -0.692 
-11430.533 53.255 35040.703 -0.715 0.001 0.699 0.039 0.999 0.038 -0.698 0.054 -0.714 
-11644.608 69.917 34821.449 -0.716 0.000 0.699 0.038 0.999 0.039 -0.698 0.054 -0.714 
-11859.845 89.831 34603.227 -0.704 -0.001 0.710 0.066 0.996 0.067 -0.707 0.094 -0.701 
-12080.680 119.255 34384.168 -0.704 -0.000 0.710 0.067 0.996 0.066 -0.707 0.094 -0.701 
-12292.063 147.981 34168.785 -0.737 0.005 0.676 0.067 0.996 0.066 -0.672 0.094 -0.734 
-12498.842 178.130 33939.906 -0.748 0.003 0.664 0.070 0.995 0.075 -0.660 0.102 -0.744 
-12700.792 211.893 33708.883 -0.754 0.001 0.657 0.073 0.994 0.082 -0.653 0.110 -0.749 
-12900.046 245.721 33476.758 -0.759 0.001 0.651 0.072 0.994 0.083 -0.647 0.110 -0.754 
-13100.392 279.161 33242.246 -0.764 0.001 0.645 0.067 0.995 0.077 -0.642 0.102 -0.760 
-13296.178 307.515 33009.730 -0.764 0.000 0.645 0.056 0.996 0.066 -0.643 0.086 -0.761 
-13494.566 334.068 32774.703 -0.764 0.000 0.645 0.056 0.996 0.066 -0.643 0.086 -0.761 
-13693.847 360.108 32537.533 -0.769 0.001 0.639 0.050 0.997 0.060 -0.637 0.078 -0.767 
-13890.854 370.312 32300.180 -0.764 0.000 0.645 -0.006 1.000 -0.008 -0.645 -0.010 -0.764 
-14092.264 357.264 32066.211 -0.738 0.002 0.675 -0.038 0.998 -0.044 -0.674 -0.058 -0.736 
-14302.740 333.906 31841.574 -0.727 0.001 0.687 -0.061 0.996 -0.066 -0.684 -0.090 -0.724 
-14512.908 309.180 31618.934 -0.727 0.000 0.687 -0.034 0.999 -0.036 -0.686 -0.050 -0.726 
-14721.781 299.677 31395.605 -0.732 0.000 0.681 -0.012 1.000 -0.013 -0.681 -0.018 -0.732 
-14928.877 296.500 31166.238 -0.743 -0.000 0.669 -0.007 1.000 -0.007 -0.669 -0.010 -0.743 
-15131.064 295.065 30932.158 -0.774 -0.000 0.633 -0.011 1.000 -0.014 -0.633 -0.018 -0.774 
-15313.696 285.415 30686.230 -0.827 -0.002 0.562 -0.025 0.999 -0.034 -0.562 -0.042 -0.826 
-15481.228 269.959 30424.414 -0.849 -0.002 0.529 -0.028 0.999 -0.041 -0.528 -0.050 -0.848 
-15647.429 254.268 30167.742 -0.827 0.001 0.562 -0.027 0.999 -0.042 -0.562 -0.050 -0.826 
-15821.778 238.882 29911.975 -0.822 0.001 0.569 -0.028 0.999 -0.041 -0.568 -0.050 -0.821 
-16000.580 225.386 29663.707 -0.809 0.001 0.588 -0.024 0.999 -0.034 -0.588 -0.042 -0.808 
-16186.026 212.992 29417.979 -0.779 0.002 0.627 -0.020 0.999 -0.027 -0.626 -0.034 -0.779 
-16382.218 191.031 29176.709 -0.769 0.002 0.639 -0.040 0.998 -0.052 -0.638 -0.065 -0.768 
-16599.176 190.903 28960.975 -0.589 -0.003 0.808 0.030 0.999 0.025 -0.808 0.039 -0.588 
-16863.455 202.747 28804.180 -0.446 -0.005 0.895 0.032 0.999 0.021 -0.895 0.038 -0.445 
-17147.193 214.385 28685.270 -0.335 -0.005 0.942 0.034 0.999 0.017 -0.942 0.038 -0.335 
-17448.785 227.275 28612.395 -0.173 -0.006 0.985 0.035 0.999 0.012 -0.984 0.037 -0.172 
-17755.455 234.370 28571.715 -0.053 -0.004 0.999 0.020 1.000 0.005 -0.998 0.020 -0.053 
-18061.215 238.560 28564.709 0.027 -0.002 1.000 0.004 1.000 0.002 -1.000 0.004 0.027 
-18366.627 238.183 28586.205 0.098 -0.001 0.995 -0.004 1.000 0.001 -0.995 -0.004 0.098 
-18674.488 236.862 28616.639 0.098 -0.000 0.995 -0.004 1.000 0.001 -0.995 -0.004 0.098 
-18983.867 235.535 28647.225 0.098 -0.000 0.995 -0.004 1.000 0.001 -0.995 -0.004 0.098 
-19290.936 234.222 28667.312 0.027 -0.000 1.000 -0.004 1.000 0.000 -1.000 -0.004 0.027 
-19596.561 234.011 28668.164 -0.029 -0.000 1.000 0.004 1.000 0.000 -1.000 0.004 -0.029 
-19907.908 237.244 28648.221 -0.117 0.001 0.993 0.012 1.000 0.001 -0.993 0.012 -0.117 
-20210.680 244.188 28601.004 -0.180 0.001 0.984 0.035 0.999 0.005 -0.983 0.036 -0.180 
-20510.492 257.329 28526.912 -0.305 0.004 0.953 0.042 0.999 0.009 -0.952 0.043 -0.304 
-20796.734 267.530 28415.814 -0.416 0.004 0.909 0.026 1.000 0.008 -0.909 0.027 -0.416 
-21070.631 270.996 28262.645 -0.529 0.002 0.849 -0.010 1.000 -0.009 -0.849 -0.014 -0.529 
-21318.055 271.487 28086.742 -0.645 0.002 0.764 -0.004 1.000 -0.005 -0.764 -0.006 -0.645 
-21551.975 283.578 27887.299 -0.699 0.004 0.716 -0.008 1.000 -0.012 -0.715 -0.014 -0.699 
-21722.082 251.397 27636.619 -0.918 -0.027 0.395 -0.072 0.992 -0.101 -0.389 -0.121 -0.913 
-21806.867 214.901 27342.125 -0.986 -0.027 0.164 -0.046 0.993 -0.109 -0.160 -0.114 -0.981 
-21825.129 183.412 27034.885 -0.999 -0.022 -0.029 -0.019 0.995 -0.094 0.031 -0.094 -0.995 
-21793.996 158.765 26732.979 -0.990 -0.013 -0.142 -0.002 0.997 -0.077 0.142 -0.076 -0.987 
-21743.531 139.435 26425.637 -0.982 -0.007 -0.190 0.002 0.999 -0.044 0.190 -0.043 -0.981 
-21668.201 130.221 26128.812 -0.957 -0.004 -0.291 -0.004 1.000 -0.004 0.291 -0.003 -0.957 
-21576.113 133.411 25833.846 -0.955 -0.002 -0.298 -0.006 1.000 0.012 0.298 0.013 -0.954 
-21480.467 141.996 25543.051 -0.950 -0.000 -0.313 -0.010 1.000 0.028 0.313 0.030 -0.949 
-21388.500 166.224 25249.406 -0.959 -0.002 -0.283 -0.024 0.997 0.074 0.282 0.077 -0.956 
-21300.105 183.441 24955.480 -0.961 -0.001 -0.275 -0.009 1.000 0.028 0.275 0.029 -0.961 
-21217.906 185.045 24657.629 -0.964 -0.000 -0.267 0.007 1.000 -0.026 0.267 -0.027 -0.963 
-21135.838 166.705 24357.424 -0.966 0.000 -0.260 0.020 0.997 -0.072 0.259 -0.074 -0.963 
-21060.070 135.346 24062.766 -0.977 0.005 -0.213 0.032 0.992 -0.126 0.211 -0.130 -0.969 
-21017.365 93.193 23760.434 -0.995 0.010 -0.102 0.024 0.991 -0.135 0.100 -0.137 -0.986 
-20994.695 63.405 23451.637 -0.999 0.007 -0.046 0.009 0.999 -0.048 0.046 -0.049 -0.998 
-20974.656 59.002 23147.090 -0.995 0.002 -0.102 0.002 1.000 0.007 0.102 0.007 -0.995 
-20934.779 64.570 22838.818 -0.991 0.001 -0.134 -0.002 1.000 0.023 0.134 0.023 -0.991 
-20895.709 73.750 22533.334 -0.992 0.000 -0.126 -0.004 1.000 0.031 0.126 0.031 -0.992 
-20865.336 83.325 22225.062 -0.997 -0.001 -0.078 -0.003 1.000 0.031 0.078 0.031 -0.997 
-20849.717 92.734 21920.656 -1.000 -0.002 -0.006 -0.002 1.000 0.031 0.006 0.031 -1.000 
-20875.094 98.615 21614.887 -0.976 -0.003 0.216 0.002 1.000 0.023 -0.216 0.022 -0.976 
-20996.848 115.109 21330.771 -0.863 -0.011 0.506 0.021 0.998 0.057 -0.505 0.060 -0.861 
-21165.053 134.978 21069.795 -0.828 -0.006 0.560 0.033 0.998 0.059 -0.559 0.068 -0.826 
-21362.738 169.821 20838.811 -0.717 -0.013 0.697 0.098 0.988 0.119 -0.690 0.153 -0.708 
-21574.635 220.919 20624.986 -0.711 -0.005 0.703 0.115 0.986 0.124 -0.694 0.169 -0.700 
-21782.717 279.981 20405.162 -0.727 -0.000 0.687 0.132 0.981 0.140 -0.674 0.192 -0.713 
-21988.111 321.953 20176.145 -0.827 0.012 0.562 0.051 0.997 0.053 -0.560 0.072 -0.825 
-22139.582 344.111 19905.193 -0.896 0.010 0.445 0.040 0.998 0.059 -0.443 0.071 -0.894 
-22274.730 365.618 19632.566 -0.896 0.004 0.444 0.035 0.998 0.062 -0.443 0.071 -0.894 
-22416.230 387.152 19355.213 -0.885 0.000 0.466 0.026 0.999 0.048 -0.465 0.055 -0.884 
-22555.096 393.294 19087.205 -0.889 0.000 0.458 0.007 1.000 0.013 -0.458 0.015 -0.889 
-22693.852 398.588 18813.219 -0.896 0.000 0.444 0.010 1.000 0.020 -0.444 0.023 -0.896 
-22840.793 393.743 18537.449 -0.858 0.002 0.514 -0.036 0.997 -0.064 -0.513 -0.073 -0.855 
-23012.137 356.775 18286.000 -0.775 0.015 0.632 -0.095 0.986 -0.139 -0.625 -0.167 -0.763 
-23230.090 300.060 18077.059 -0.608 0.033 0.793 -0.140 0.979 -0.148 -0.781 -0.201 -0.591 
-23489.422 239.516 17921.531 -0.450 0.034 0.893 -0.130 0.986 -0.103 -0.884 -0.163 -0.439 
-23757.127 197.263 17774.672 -0.531 0.004 0.848 -0.083 0.995 -0.057 -0.844 -0.101 -0.528 
-24004.914 176.412 17594.373 -0.659 -0.005 0.752 -0.037 0.999 -0.026 -0.752 -0.045 -0.658 
-24225.455 169.294 17377.293 -0.722 -0.003 0.692 -0.011 1.000 -0.007 -0.692 -0.012 -0.722 
-24435.355 163.709 17152.654 -0.733 -0.001 0.680 -0.015 1.000 -0.014 -0.680 -0.020 -0.733 
-24644.311 157.663 16927.158 -0.739 -0.001 0.674 -0.009 1.000 -0.009 -0.674 -0.012 -0.739 
-24815.459 148.515 16669.998 -0.870 -0.003 0.493 -0.020 0.999 -0.029 -0.493 -0.036 -0.870 
-24955.209 136.621 16393.688 -0.910 -0.003 0.415 -0.018 0.999 -0.031 -0.414 -0.035 -0.910 
-25062.615 128.867 16104.503 -0.951 -0.003 0.310 -0.009 1.000 -0.017 -0.310 -0.019 -0.951 
-25150.271 124.045 15806.296 -0.962 -0.001 0.272 -0.004 1.000 -0.010 -0.272 -0.011 -0.962 
-25243.701 123.174 15517.929 -0.943 -0.000 0.333 -0.001 1.000 -0.003 -0.333 -0.003 -0.943 
-25352.506 120.349 15226.389 -0.932 0.000 0.363 -0.004 1.000 -0.010 -0.363 -0.011 -0.932 
-25466.752 117.002 14941.266 -0.923 0.000 0.385 -0.004 1.000 -0.010 -0.385 -0.011 -0.923 
-25591.732 111.848 14661.065 -0.907 0.000 0.422 -0.008 1.000 -0.017 -0.422 -0.019 -0.907 
-25728.680 106.054 14386.171 -0.882 0.001 0.472 -0.008 1.000 -0.017 -0.472 -0.019 -0.882 
-25878.584 100.229 14115.639 -0.866 0.001 0.500 -0.009 1.000 -0.017 -0.500 -0.019 -0.866 
-26039.566 95.220 13851.195 -0.841 0.001 0.541 -0.005 1.000 -0.009 -0.541 -0.011 -0.841 
-26211.623 93.673 13596.418 -0.805 0.000 0.594 0.003 1.000 0.004 -0.594 0.005 -0.805 
-26415.176 95.607 13362.085 -0.723 -0.000 0.691 0.009 1.000 0.010 -0.691 0.013 -0.722 
-26630.498 99.660 13144.762 -0.700 -0.000 0.714 0.009 1.000 0.010 -0.714 0.013 -0.700 
-26847.639 102.784 12924.474 -0.723 0.000 0.691 0.004 1.000 0.004 -0.691 0.005 -0.723 
-27054.232 102.074 12697.170 -0.760 -0.000 0.650 -0.002 1.000 -0.002 -0.650 -0.003 -0.760 
-27242.248 100.043 12451.631 -0.858 -0.001 0.514 -0.011 1.000 -0.015 -0.514 -0.019 -0.858 
-27372.566 89.160 12173.536 -0.940 -0.005 0.341 -0.019 0.999 -0.038 -0.340 -0.042 -0.940 
-27454.535 76.207 11873.947 -0.984 -0.006 0.178 -0.014 0.999 -0.039 -0.178 -0.041 -0.983 
-27477.395 63.584 11562.732 -1.000 -0.007 -0.013 -0.007 0.999 -0.040 0.013 -0.040 -0.999 
-27434.500 52.171 11254.815 -0.976 -0.007 -0.219 -0.000 1.000 -0.031 0.219 -0.030 -0.975 
-27351.932 45.175 10970.053 -0.948 -0.004 -0.319 0.003 1.000 -0.022 0.319 -0.021 -0.947 
-27247.967 36.401 10670.649 -0.945 -0.001 -0.327 0.008 1.000 -0.028 0.327 -0.029 -0.945 
-27147.344 27.654 10379.884 -0.945 -0.001 -0.327 0.007 1.000 -0.020 0.327 -0.021 -0.945 
-27044.311 23.432 10093.477 -0.940 -0.000 -0.342 -0.001 1.000 0.002 0.342 0.003 -0.940 
-26933.051 38.472 9798.997 -0.934 0.000 -0.357 -0.026 0.997 0.070 0.356 0.074 -0.932 
-26823.736 67.211 9516.039 -0.928 0.002 -0.372 -0.041 0.994 0.107 0.370 0.114 -0.922 
-26707.951 114.991 9237.342 -0.919 0.003 -0.394 -0.074 0.981 0.179 0.387 0.193 -0.902 
-26589.854 175.844 8963.456 -0.925 -0.002 -0.380 -0.078 0.980 0.185 0.372 0.201 -0.906 
-26483.838 238.839 8679.468 -0.945 -0.008 -0.328 -0.078 0.976 0.202 0.318 0.216 -0.923 
-26397.176 309.512 8390.797 -0.968 -0.015 -0.251 -0.076 0.969 0.235 0.239 0.247 -0.939 
-26340.117 390.822 8095.984 -0.988 -0.021 -0.155 -0.063 0.961 0.269 0.143 0.276 -0.951 
-26321.629 482.390 7799.927 -0.999 -0.043 0.022 -0.034 0.950 0.309 -0.034 0.308 -0.951 
-26349.334 579.008 7509.103 -0.993 -0.032 0.118 0.007 0.947 0.321 -0.122 0.320 -0.940 
-26403.537 675.496 7224.045 -0.972 -0.036 0.233 0.037 0.953 0.300 -0.233 0.301 -0.925 
-26486.736 757.700 6939.469 -0.946 -0.030 0.322 0.049 0.971 0.233 -0.320 0.236 -0.918 
-26609.906 820.474 6661.340 -0.896 -0.026 0.444 0.052 0.985 0.163 -0.441 0.169 -0.881 
-26746.438 859.604 6386.288 -0.909 -0.007 0.417 0.032 0.996 0.085 -0.416 0.090 -0.905 
-26865.102 876.799 6109.341 -0.942 0.000 0.336 0.004 1.000 0.010 -0.336 0.011 -0.942 
-26944.924 868.936 5804.686 -0.977 -0.001 0.213 -0.006 1.000 -0.020 -0.213 -0.021 -0.977 
-26989.643 874.359 5499.799 -0.994 -0.000 0.110 0.006 0.998 0.058 -0.110 0.059 -0.992 
-27017.428 903.415 5199.045 -0.998 0.003 0.071 0.011 0.993 0.122 -0.070 0.123 -0.990 
-27034.824 946.179 4894.420 -0.999 0.004 0.039 0.010 0.988 0.154 -0.038 0.154 -0.987 
-27035.551 997.486 4588.814 -1.000 0.008 -0.026 0.004 0.987 0.162 0.027 0.162 -0.987 
-27024.695 1038.101 4283.630 -0.998 0.006 -0.058 0.001 0.996 0.090 0.058 0.090 -0.994 
-26990.094 1050.867 3981.662 -0.988 0.005 -0.154 0.002 1.000 0.018 0.154 0.017 -0.988 
-26940.857 1053.297 3672.208 -0.988 0.002 -0.154 0.001 1.000 0.002 0.154 0.001 -0.988 
-26903.520 1054.203 3369.826 -0.995 0.001 -0.098 -0.000 1.000 0.010 0.098 0.010 -0.995 
-26880.621 1062.996 3061.777 -0.998 -0.000 -0.066 -0.003 0.999 0.041 0.066 0.042 -0.997 
-26857.000 1078.894 2750.031 -0.997 0.000 -0.082 -0.004 0.998 0.057 0.082 0.057 -0.995 
-26840.516 1097.240 2443.860 -0.999 -0.001 -0.042 -0.003 0.999 0.049 0.042 0.049 -0.998 
-26828.881 1105.113 2140.412 -1.000 -0.001 -0.034 -0.001 1.000 0.009 0.034 0.009 -0.999 
-26825.947 1103.336 1825.888 -1.000 0.000 0.022 -0.000 1.000 -0.015 -0.022 -0.015 -1.000 
-26836.504 1095.845 1524.234 -0.999 0.000 0.046 -0.001 0.999 -0.038 -0.046 -0.039 -0.998 
-26853.395 1081.536 1209.802 -0.999 0.000 0.054 -0.003 0.999 -0.054 -0.054 -0.054 -0.997 
-26869.533 1065.116 909.345 -0.999 0.000 0.054 -0.003 0.999 -0.054 -0.054 -0.054 -0.997 
-26892.443 1046.758 600.474 -0.996 0.001 0.086 -0.004 0.998 -0.062 -0.085 -0.062 -0.994 
-26922.469 1029.638 295.233 -0.995 0.001 0.102 -0.005 0.999 -0.054 -0.101 -0.054 -0.993 
-26954.953 1012.814 -11.636 -0.993 0.001 0.117 -0.005 0.999 -0.054 -0.117 -0.054 -0.992 
-26995.496 997.205 -316.670 -0.992 0.000 0.125 -0.005 0.999 -0.046 -0.125 -0.046 -0.991 
-27017.188 980.472 -626.784 -1.000 -0.004 0.006 -0.004 0.999 -0.054 -0.006 -0.054 -0.999 
-26986.830 962.913 -934.981 -0.987 -0.007 -0.162 0.003 0.998 -0.061 0.162 -0.061 -0.985 
-26919.445 943.628 -1230.775 -0.967 -0.006 -0.256 0.012 0.998 -0.068 0.255 -0.068 -0.965 
-26837.182 924.130 -1528.674 -0.965 -0.002 -0.264 0.016 0.998 -0.066 0.263 -0.068 -0.962 
-26756.133 894.985 -1826.423 -0.960 -0.003 -0.279 0.028 0.994 -0.105 0.278 -0.108 -0.955 
-26671.154 853.309 -2119.606 -0.965 0.001 -0.264 0.042 0.988 -0.150 0.261 -0.156 -0.953 
-26595.885 798.755 -2410.431 -0.969 0.002 -0.248 0.050 0.981 -0.189 0.243 -0.195 -0.950 
-26520.186 733.250 -2706.069 -0.969 0.001 -0.248 0.057 0.974 -0.219 0.242 -0.226 -0.944 
-26446.299 662.287 -2994.698 -0.969 0.000 -0.248 0.058 0.972 -0.227 0.241 -0.234 -0.942 
-26371.809 590.024 -3285.468 -0.967 -0.002 -0.256 0.058 0.972 -0.227 0.249 -0.234 -0.940 
-26295.121 517.908 -3575.047 -0.967 -0.001 -0.256 0.059 0.972 -0.226 0.249 -0.234 -0.940 
-26218.250 445.648 -3865.210 -0.967 -0.000 -0.256 0.060 0.972 -0.226 0.249 -0.234 -0.940 
-26139.838 373.534 -4154.331 -0.965 -0.001 -0.264 0.061 0.972 -0.226 0.257 -0.234 -0.938 
-26061.072 302.000 -4442.193 -0.965 -0.000 -0.264 0.059 0.974 -0.218 0.257 -0.226 -0.940 
-25981.250 232.830 -4733.945 -0.965 -0.000 -0.264 0.055 0.978 -0.203 0.258 -0.211 -0.943 
-25901.619 171.378 -5024.867 -0.965 -0.000 -0.264 0.051 0.981 -0.188 0.259 -0.195 -0.946 
-25821.271 111.866 -5318.269 -0.963 -0.001 -0.272 0.049 0.982 -0.181 0.267 -0.187 -0.945 
-25740.715 65.968 -5609.756 -0.967 0.001 -0.256 0.031 0.993 -0.112 0.254 -0.116 -0.960 
-25661.387 36.516 -5906.333 -0.965 -0.000 -0.264 0.022 0.997 -0.081 0.263 -0.084 -0.961 
-25582.322 21.403 -6203.649 -0.967 0.000 -0.256 0.001 1.000 -0.004 0.256 -0.004 -0.967 
-25501.195 22.346 -6500.560 -0.965 0.000 -0.264 0.008 1.000 -0.027 0.264 -0.028 -0.964 
-25419.666 13.669 -6798.520 -0.965 0.000 -0.264 0.003 1.000 -0.012 0.264 -0.012 -0.965 
-25338.035 9.888 -7096.885 -0.965 0.000 -0.264 0.003 1.000 -0.012 0.264 -0.012 -0.965 
-25259.508 9.472 -7393.234 -0.967 0.000 -0.256 -0.001 1.000 0.004 0.256 0.004 -0.967 
-25177.992 8.990 -7691.985 -0.965 0.000 -0.264 -0.001 1.000 0.004 0.264 0.004 -0.965 
-25097.242 10.154 -7989.343 -0.967 -0.000 -0.256 -0.001 1.000 0.004 0.256 0.004 -0.967 
-25018.418 11.316 -8286.882 -0.967 -0.000 -0.256 -0.001 1.000 0.004 0.256 0.004 -0.967 
-24937.754 13.217 -8586.165 -0.965 0.000 -0.264 -0.003 1.000 0.011 0.264 0.012 -0.965 
-24856.912 16.842 -8883.147 -0.967 -0.000 -0.256 -0.003 1.000 0.011 0.256 0.012 -0.967 
-24778.070 21.059 -9180.013 -0.965 0.000 -0.264 -0.005 1.000 0.019 0.264 0.020 -0.964 
-24696.834 27.146 -9476.849 -0.965 0.000 -0.264 -0.005 1.000 0.019 0.264 0.020 -0.964 
-24614.338 33.330 -9778.453 -0.965 0.000 -0.264 -0.005 1.000 0.019 0.264 0.020 -0.964 
-24533.045 39.423 -10075.579 -0.965 0.000 -0.264 -0.005 1.000 0.019 0.264 0.020 -0.964 
-24454.629 45.232 -10370.619 -0.967 -0.000 -0.256 -0.003 1.000 0.011 0.256 0.012 -0.967 
-24374.742 49.511 -10667.538 -0.965 0.000 -0.264 -0.005 1.000 0.019 0.264 0.020 -0.964 
-24292.893 57.487 -10966.718 -0.965 0.000 -0.264 -0.007 1.000 0.027 0.264 0.028 -0.964 
-24211.260 66.078 -11264.985 -0.965 0.000 -0.264 -0.007 1.000 0.027 0.264 0.028 -0.964 
-24129.072 74.729 -11565.334 -0.965 0.000 -0.264 -0.007 1.000 0.027 0.264 0.028 -0.964 
-24049.697 84.558 -11864.159 -0.965 0.000 -0.264 -0.009 0.999 0.035 0.264 0.036 -0.964 
-23968.787 97.926 -12159.888 -0.965 0.000 -0.264 -0.011 0.999 0.042 0.264 0.044 -0.964 
-23890.271 111.489 -12453.699 -0.967 -0.000 -0.256 -0.013 0.999 0.050 0.256 0.052 -0.965 
-23809.990 127.546 -12752.979 -0.965 0.000 -0.264 -0.013 0.999 0.050 0.264 0.052 -0.963 
-23730.182 143.650 -13053.327 -0.973 -0.001 -0.233 -0.013 0.999 0.050 0.233 0.052 -0.971 
-23669.455 156.873 -13350.643 -0.987 -0.003 -0.162 -0.008 0.999 0.035 0.162 0.036 -0.986 
-23635.717 167.883 -13659.059 -0.998 -0.003 -0.059 -0.005 0.999 0.035 0.059 0.035 -0.998 
-23636.953 176.115 -13965.041 -0.998 -0.003 0.061 -0.002 1.000 0.011 -0.061 0.011 -0.998 
-23662.502 174.676 -14271.111 -0.991 -0.000 0.133 -0.004 1.000 -0.029 -0.133 -0.029 -0.991 
-23726.098 162.316 -14575.292 -0.970 0.002 0.243 -0.013 0.998 -0.060 -0.242 -0.061 -0.968 
-23802.850 136.874 -14874.516 -0.970 0.000 0.243 -0.022 0.996 -0.090 -0.242 -0.093 -0.966 
-23867.729 108.347 -15173.042 -0.984 -0.004 0.180 -0.016 0.998 -0.067 -0.180 -0.069 -0.981 
-23909.484 96.461 -15479.500 -0.996 -0.003 0.093 -0.004 1.000 -0.012 -0.093 -0.013 -0.996 
-23933.057 102.021 -15785.062 -0.998 -0.001 0.061 0.002 0.999 0.043 -0.061 0.043 -0.997 
-23948.135 120.673 -16090.344 -1.000 0.002 0.021 0.004 0.996 0.091 -0.021 0.091 -0.996 
-23954.650 150.673 -16401.574 -1.000 0.001 0.021 0.002 0.997 0.083 -0.021 0.083 -0.996 
-23959.896 172.810 -16709.449 -1.000 0.001 -0.003 0.001 0.999 0.051 0.003 0.051 -0.999 
-23957.256 185.066 -17013.295 -1.000 0.001 -0.011 0.000 1.000 0.019 0.011 0.019 -1.000 
-23946.873 184.405 -17322.094 -0.998 0.000 -0.059 0.001 1.000 -0.021 0.059 -0.021 -0.998 
-23916.996 178.043 -17629.207 -0.990 -0.001 -0.138 0.002 1.000 -0.021 0.138 -0.021 -0.990 
-23865.453 171.720 -17932.490 -0.974 -0.002 -0.225 0.003 1.000 -0.020 0.225 -0.020 -0.974 
-23783.629 169.196 -18229.793 -0.956 -0.001 -0.295 -0.004 1.000 0.011 0.294 0.012 -0.956 
-23691.320 172.609 -18524.361 -0.951 -0.000 -0.310 0.001 1.000 -0.004 0.310 -0.004 -0.951 
-23590.539 172.102 -18820.088 -0.943 -0.000 -0.332 -0.007 1.000 0.019 0.332 0.020 -0.943 
-23487.389 185.847 -19108.430 -0.941 0.000 -0.340 -0.020 0.998 0.056 0.339 0.060 -0.939 
-23378.443 209.198 -19400.299 -0.935 0.001 -0.355 -0.032 0.996 0.086 0.354 0.092 -0.931 
-23268.543 242.676 -19684.848 -0.932 0.001 -0.363 -0.044 0.992 0.115 0.360 0.123 -0.925 
-23156.797 286.367 -19971.297 -0.929 0.001 -0.370 -0.059 0.987 0.152 0.365 0.163 -0.917 
-23044.225 339.582 -20251.787 -0.926 0.002 -0.377 -0.069 0.983 0.173 0.371 0.187 -0.910 
-22930.453 399.810 -20530.717 -0.926 0.001 -0.378 -0.076 0.979 0.187 0.370 0.202 -0.907 
-22815.045 465.293 -20813.570 -0.926 0.000 -0.378 -0.082 0.976 0.202 0.369 0.218 -0.904 
-22701.287 534.581 -21092.424 -0.926 0.000 -0.378 -0.088 0.972 0.216 0.367 0.233 -0.900 
-22590.896 605.009 -21361.422 -0.923 0.002 -0.385 -0.091 0.971 0.223 0.374 0.241 -0.896 
-22467.010 682.381 -21635.135 -0.903 0.008 -0.429 -0.103 0.967 0.235 0.416 0.256 -0.872 
-22323.896 765.692 -21902.500 -0.866 0.016 -0.500 -0.122 0.963 0.242 0.485 0.271 -0.831 
-22164.051 849.056 -22144.600 -0.808 0.025 -0.589 -0.139 0.963 0.231 0.573 0.269 -0.775 
-21983.396 927.869 -22379.389 -0.791 0.012 -0.611 -0.140 0.970 0.201 0.595 0.245 -0.765 
-21805.451 998.187 -22623.576 -0.819 -0.002 -0.574 -0.120 0.979 0.168 0.562 0.206 -0.801 
-21630.508 1059.382 -22876.627 -0.823 -0.001 -0.568 -0.109 0.982 0.156 0.557 0.190 -0.808 
-21458.914 1116.780 -23125.643 -0.823 -0.000 -0.568 -0.100 0.985 0.144 0.559 0.175 -0.811 
-21292.951 1169.576 -23379.061 -0.845 -0.004 -0.534 -0.088 0.987 0.132 0.527 0.159 -0.835 
-21129.312 1215.873 -23638.223 -0.841 -0.001 -0.541 -0.073 0.991 0.113 0.536 0.135 -0.834 
-20957.674 1255.301 -23890.629 -0.810 0.005 -0.587 -0.071 0.992 0.106 0.582 0.127 -0.803 
-20767.984 1297.463 -24127.184 -0.739 0.013 -0.673 -0.081 0.991 0.107 0.669 0.134 -0.732 
-20545.391 1333.690 -24333.314 -0.634 0.015 -0.773 -0.074 0.994 0.080 0.770 0.108 -0.630 
-20300.607 1369.241 -24520.039 -0.589 0.009 -0.808 -0.088 0.993 0.075 0.803 0.115 -0.585 
-20049.172 1406.300 -24695.803 -0.556 0.006 -0.831 -0.092 0.993 0.069 0.826 0.115 -0.552 
-19794.047 1428.379 -24866.895 -0.582 0.001 -0.813 -0.021 1.000 0.017 0.813 0.027 -0.582 
-19550.445 1427.044 -25056.391 -0.639 0.001 -0.769 0.029 0.999 -0.023 0.769 -0.037 -0.639 
-19316.012 1401.306 -25255.924 -0.645 -0.000 -0.764 0.101 0.991 -0.085 0.757 -0.132 -0.640 
-19086.037 1352.231 -25450.148 -0.645 -0.000 -0.764 0.143 0.982 -0.121 0.750 -0.188 -0.634 
-18856.160 1290.059 -25646.178 -0.651 0.001 -0.759 0.155 0.979 -0.132 0.743 -0.203 -0.638 
-18624.084 1226.505 -25845.457 -0.651 0.000 -0.759 0.155 0.979 -0.132 0.743 -0.203 -0.638 
-18395.883 1165.883 -26036.627 -0.633 -0.003 -0.774 0.150 0.981 -0.126 0.760 -0.196 -0.621 
-18159.125 1108.815 -26225.355 -0.608 -0.005 -0.794 0.139 0.984 -0.113 0.782 -0.180 -0.597 
-17915.330 1056.800 -26408.023 -0.595 -0.004 -0.804 0.130 0.987 -0.100 0.793 -0.164 -0.586 
-17667.826 1009.492 -26586.379 -0.569 -0.005 -0.823 0.119 0.989 -0.088 0.814 -0.148 -0.562 
-17413.613 966.380 -26760.607 -0.555 -0.004 -0.832 0.108 0.991 -0.076 0.825 -0.132 -0.550 
-17158.133 929.709 -26926.002 -0.528 -0.004 -0.849 0.090 0.994 -0.060 0.845 -0.108 -0.525 
-16893.725 902.154 -27082.889 -0.494 -0.004 -0.870 0.057 0.998 -0.037 0.868 -0.068 -0.492 
-16623.650 884.655 -27233.344 -0.486 -0.002 -0.874 0.052 0.998 -0.031 0.872 -0.060 -0.485 
-16357.733 862.635 -27381.830 -0.472 -0.002 -0.882 0.066 0.997 -0.037 0.879 -0.076 -0.471 
-16082.559 840.413 -27520.631 -0.422 -0.003 -0.907 0.060 0.998 -0.032 0.905 -0.068 -0.421 
-15802.104 818.757 -27650.100 -0.415 -0.002 -0.910 0.068 0.997 -0.033 0.907 -0.076 -0.414 
-15518.271 794.771 -27773.068 -0.371 -0.003 -0.929 0.077 0.997 -0.034 0.926 -0.084 -0.369 
-15237.206 764.738 -27887.666 -0.393 0.001 -0.920 0.107 0.993 -0.045 0.914 -0.116 -0.390 
-14955.679 726.078 -28014.498 -0.429 0.003 -0.903 0.120 0.991 -0.053 0.895 -0.131 -0.426 
-14683.224 683.149 -28153.846 -0.472 0.005 -0.882 0.132 0.989 -0.065 0.872 -0.147 -0.468 
-14431.985 635.261 -28320.535 -0.690 0.035 -0.723 0.143 0.986 -0.089 0.709 -0.165 -0.685 
-14285.429 587.684 -28581.670 -0.956 0.061 -0.289 0.097 0.989 -0.114 0.279 -0.137 -0.951 
-14246.253 552.113 -28886.004 -0.999 0.042 -0.009 0.043 0.994 -0.106 0.004 -0.106 -0.994 
-14279.759 524.673 -29191.779 -0.976 0.028 0.216 0.013 0.998 -0.071 -0.217 -0.066 -0.974 
-14367.248 505.207 -29486.041 -0.938 0.015 0.347 -0.005 0.998 -0.057 -0.347 -0.056 -0.936 
-14473.498 488.223 -29772.494 -0.938 0.006 0.348 -0.014 0.999 -0.054 -0.347 -0.056 -0.936 
-14583.356 470.885 -30064.484 -0.932 0.003 0.363 -0.018 0.999 -0.053 -0.362 -0.055 -0.931 
-14704.060 452.816 -30347.016 -0.907 0.003 0.422 -0.024 0.998 -0.059 -0.421 -0.063 -0.905 
-14853.530 429.135 -30614.432 -0.841 0.008 0.541 -0.036 0.997 -0.070 -0.540 -0.078 -0.838 
-15035.244 405.824 -30863.107 -0.765 0.009 0.644 -0.038 0.998 -0.059 -0.643 -0.069 -0.763 
-15243.849 381.947 -31085.203 -0.722 0.005 0.692 -0.060 0.996 -0.071 -0.689 -0.093 -0.719 
-15461.870 347.763 -31304.119 -0.694 0.005 0.721 -0.092 0.991 -0.095 -0.715 -0.132 -0.687 
-15686.473 307.374 -31507.855 -0.652 0.006 0.758 -0.096 0.991 -0.091 -0.752 -0.132 -0.646 
-15929.130 275.152 -31699.678 -0.583 0.008 0.813 -0.050 0.998 -0.046 -0.811 -0.067 -0.581 
-16181.991 259.534 -31872.836 -0.549 0.004 0.836 -0.027 0.999 -0.023 -0.835 -0.035 -0.549 
-16443.236 252.905 -32036.686 -0.529 0.002 0.849 -0.015 1.000 -0.012 -0.849 -0.019 -0.529 
-16703.908 247.006 -32199.154 -0.529 0.001 0.849 -0.016 1.000 -0.011 -0.849 -0.019 -0.529 
-16967.824 241.036 -32363.428 -0.515 0.001 0.857 -0.016 1.000 -0.010 -0.857 -0.019 -0.515 
-17237.775 235.105 -32514.281 -0.460 0.001 0.888 -0.017 1.000 -0.010 -0.888 -0.019 -0.459 
-17513.666 226.552 -32645.500 -0.402 0.001 0.916 -0.024 1.000 -0.012 -0.916 -0.027 -0.402 
-17798.152 222.024 -32765.281 -0.372 0.001 0.928 -0.010 1.000 -0.005 -0.928 -0.011 -0.372 
-18087.885 225.438 -32869.844 -0.312 -0.000 0.950 0.027 1.000 0.009 -0.950 0.029 -0.312 
-18384.814 236.220 -32959.188 -0.274 -0.001 0.962 0.035 0.999 0.011 -0.961 0.037 -0.274 
-18682.859 247.601 -33036.375 -0.227 -0.001 0.974 0.036 0.999 0.010 -0.973 0.037 -0.227 
-18983.877 263.719 -33100.000 -0.180 -0.002 0.984 0.059 0.998 0.013 -0.982 0.061 -0.180 
-19287.537 284.862 -33151.656 -0.141 -0.003 0.990 0.068 0.998 0.013 -0.988 0.069 -0.140 
-19592.607 301.560 -33186.078 -0.077 -0.003 0.997 0.036 0.999 0.006 -0.996 0.037 -0.077 
-19900.551 309.126 -33199.770 -0.005 -0.002 1.000 0.004 1.000 0.002 -1.000 0.004 -0.005 
-20209.588 311.366 -33188.191 0.075 -0.001 0.997 0.020 1.000 -0.000 -0.997 0.020 0.075 
-20513.742 322.038 -33152.016 0.162 -0.003 0.987 0.052 0.999 -0.006 -0.986 0.052 0.162 
-20817.576 342.835 -33089.895 0.240 -0.005 0.971 0.082 0.997 -0.016 -0.967 0.084 0.240 
-21107.158 380.053 -33000.203 0.348 -0.011 0.938 0.141 0.989 -0.041 -0.927 0.146 0.345 
-21390.004 429.514 -32881.172 0.415 -0.011 0.910 0.151 0.987 -0.057 -0.897 0.161 0.411 
-21659.127 477.245 -32742.459 0.494 -0.013 0.870 0.152 0.986 -0.072 -0.856 0.168 0.489 
-21915.867 530.373 -32577.906 0.576 -0.015 0.818 0.138 0.987 -0.080 -0.806 0.159 0.571 
-22159.215 574.449 -32393.166 0.628 -0.011 0.778 0.112 0.991 -0.076 -0.770 0.134 0.624 
-22393.008 612.220 -32195.555 0.653 -0.006 0.757 0.094 0.993 -0.073 -0.752 0.118 0.649 
-22622.807 640.046 -31992.764 0.677 -0.004 0.736 0.049 0.998 -0.039 -0.734 0.062 0.676 
-22845.412 664.711 -31781.311 0.706 -0.005 0.708 0.081 0.994 -0.074 -0.703 0.110 0.702 
-23060.727 701.874 -31563.564 0.712 -0.002 0.702 0.090 0.992 -0.088 -0.696 0.126 0.707 
-23271.350 737.460 -31339.875 0.740 -0.004 0.673 0.060 0.996 -0.061 -0.670 0.086 0.737 
-23476.385 753.738 -31112.578 0.751 -0.002 0.661 0.016 1.000 -0.015 -0.661 0.022 0.750 
-23680.152 752.408 -30878.244 0.761 -0.001 0.649 -0.032 0.999 0.038 -0.648 -0.050 0.760 
-23875.227 728.802 -30643.801 0.786 0.003 0.618 -0.073 0.994 0.088 -0.614 -0.114 0.781 
-24058.414 686.918 -30395.107 0.833 0.009 0.553 -0.092 0.988 0.123 -0.546 -0.153 0.824 
-24215.814 635.043 -30139.498 0.871 0.012 0.491 -0.100 0.983 0.155 -0.481 -0.184 0.857 
-24361.820 577.502 -29873.283 0.894 0.012 0.448 -0.100 0.980 0.173 -0.437 -0.199 0.877 
-24488.604 514.472 -29599.271 0.915 0.010 0.404 -0.096 0.977 0.192 -0.392 -0.214 0.895 
-24592.875 446.788 -29317.734 0.950 0.016 0.313 -0.082 0.977 0.197 -0.303 -0.213 0.929 
-24671.004 382.094 -29022.660 0.974 0.016 0.226 -0.062 0.979 0.194 -0.219 -0.203 0.955 
-24728.254 326.758 -28727.924 0.986 0.012 0.170 -0.040 0.987 0.159 -0.166 -0.163 0.973 
-24756.047 294.312 -28422.500 0.999 0.012 0.042 -0.015 0.999 0.049 -0.041 -0.050 0.998 
-24763.273 292.718 -28112.344 1.000 0.005 -0.006 -0.005 1.000 0.017 0.006 -0.017 1.000 
-24746.525 278.260 -27807.262 0.997 0.003 -0.078 0.002 0.997 0.073 0.078 -0.073 0.994 
-24726.250 258.936 -27500.414 0.998 0.001 -0.062 0.003 0.999 0.057 0.062 -0.057 0.997 
-24707.051 241.255 -27192.154 0.998 0.000 -0.062 0.003 0.999 0.057 0.062 -0.057 0.997 
-24688.396 223.433 -26881.393 0.999 -0.000 -0.054 0.003 0.999 0.057 0.054 -0.057 0.997 
-24665.990 205.294 -26576.201 0.998 -0.000 -0.070 0.005 0.997 0.073 0.070 -0.073 0.995 
-24645.166 185.735 -26267.861 0.999 -0.001 -0.046 0.004 0.999 0.057 0.046 -0.057 0.997 
-24646.102 163.665 -25962.016 0.997 -0.007 0.074 0.001 0.997 0.081 -0.074 -0.081 0.994 
-24677.637 141.719 -25657.857 0.993 -0.004 0.122 -0.003 0.998 0.064 -0.122 -0.064 0.991 
-24717.713 121.888 -25352.654 0.988 -0.003 0.153 -0.007 0.998 0.064 -0.153 -0.064 0.986 
-24779.660 102.305 -25049.422 0.963 -0.006 0.271 -0.009 0.999 0.055 -0.271 -0.056 0.961 
-24891.723 85.440 -24764.373 0.900 -0.008 0.435 -0.016 0.999 0.052 -0.435 -0.054 0.899 
-25036.037 68.787 -24492.334 0.875 -0.005 0.485 -0.022 0.999 0.049 -0.485 -0.054 0.873 
-25190.943 54.973 -24225.305 0.859 -0.002 0.513 -0.017 0.999 0.034 -0.513 -0.038 0.858 
-25352.500 44.582 -23962.031 0.842 -0.002 0.540 -0.015 1.000 0.026 -0.540 -0.030 0.841 
-25521.859 40.926 -23704.619 0.833 -0.001 0.554 -0.003 1.000 0.005 -0.554 -0.006 0.833 
-25694.424 39.949 -23447.473 0.824 -0.000 0.567 0.002 1.000 -0.002 -0.567 0.002 0.824 
-25869.264 40.662 -23193.428 0.824 -0.000 0.567 0.001 1.000 -0.002 -0.567 0.002 0.824 
-26042.389 43.809 -22941.951 0.824 -0.000 0.567 0.010 1.000 -0.015 -0.567 0.018 0.824 
-26220.029 49.548 -22683.863 0.824 -0.000 0.567 0.010 1.000 -0.015 -0.567 0.018 0.824 
-26393.271 55.145 -22432.131 0.824 -0.000 0.567 0.010 1.000 -0.015 -0.567 0.018 0.824 
-26569.334 60.833 -22176.342 0.824 -0.000 0.567 0.010 1.000 -0.015 -0.567 0.018 0.824 
-26744.176 66.482 -21922.330 0.824 -0.000 0.567 0.010 1.000 -0.015 -0.567 0.018 0.824 
-26918.316 72.108 -21669.334 0.824 -0.000 0.567 0.010 1.000 -0.015 -0.567 0.018 0.824 
-27113.906 80.310 -21390.348 0.810 0.000 0.587 0.015 1.000 -0.022 -0.586 0.026 0.810 
-27295.859 91.932 -21141.914 0.805 0.000 0.593 0.025 0.999 -0.034 -0.593 0.042 0.805 
-27485.510 114.214 -20897.406 0.776 0.002 0.631 0.060 0.995 -0.078 -0.628 0.098 0.772 
-27679.951 148.475 -20661.662 0.771 0.001 0.637 0.077 0.993 -0.095 -0.633 0.122 0.765 
-27878.361 192.015 -20428.316 0.760 0.002 0.650 0.104 0.987 -0.124 -0.641 0.162 0.750 
-28076.154 241.823 -20196.900 0.760 0.001 0.650 0.105 0.987 -0.123 -0.641 0.162 0.750 
-28272.570 291.282 -19967.115 0.760 0.000 0.650 0.105 0.987 -0.123 -0.641 0.162 0.750 
-28472.633 338.722 -19731.863 0.760 0.000 0.650 0.089 0.991 -0.105 -0.644 0.138 0.753 
-28669.533 374.918 -19497.670 0.771 -0.001 0.638 0.063 0.995 -0.075 -0.634 0.098 0.767 
-28858.434 400.150 -19259.908 0.800 -0.003 0.600 0.037 0.998 -0.045 -0.599 0.058 0.799 
-29036.303 409.958 -19008.188 0.833 -0.002 0.554 0.003 1.000 -0.000 -0.554 0.002 0.833 
-29201.561 400.141 -18744.023 0.862 0.000 0.507 -0.032 0.998 0.053 -0.506 -0.062 0.861 
-29363.795 370.219 -18444.512 0.896 0.004 0.443 -0.052 0.994 0.096 -0.440 -0.110 0.891 
-29487.740 334.666 -18163.783 0.932 0.008 0.363 -0.053 0.992 0.114 -0.359 -0.125 0.925 
-29583.836 294.657 -17869.295 0.963 0.010 0.271 -0.046 0.991 0.124 -0.268 -0.132 0.955 
-29643.242 254.245 -17569.596 0.992 0.016 0.130 -0.032 0.992 0.127 -0.127 -0.130 0.984 
-29654.748 214.917 -17267.928 1.000 0.017 -0.023 -0.014 0.991 0.136 0.025 -0.135 0.991 
-29626.859 170.000 -16963.492 0.995 0.012 -0.105 0.004 0.989 0.150 0.105 -0.150 0.983 
-29592.385 124.051 -16661.365 0.993 0.006 -0.121 0.012 0.989 0.149 0.121 -0.149 0.982 
-29560.021 77.021 -16356.076 0.996 -0.001 -0.090 0.015 0.988 0.157 0.089 -0.157 0.984 
-29528.518 55.458 -16020.618 0.991 -0.001 -0.138 -0.004 1.000 -0.034 0.138 0.034 0.990 
-29454.068 75.231 -15723.440 0.929 -0.011 -0.369 -0.016 0.997 -0.072 0.369 0.072 0.927 
-29315.379 92.917 -15447.790 0.859 -0.010 -0.513 -0.012 0.999 -0.038 0.513 0.039 0.858 
-29137.865 100.049 -15195.734 0.766 -0.006 -0.643 -0.004 1.000 -0.014 0.643 0.014 0.766 
-28940.188 101.729 -14962.562 0.761 -0.002 -0.649 -0.002 1.000 -0.006 0.649 0.005 0.761 
-28739.488 102.374 -14725.899 0.771 -0.001 -0.637 0.007 1.000 0.008 0.637 -0.011 0.771 
-28563.812 97.070 -14474.241 0.878 -0.003 -0.478 0.011 1.000 0.015 0.478 -0.018 0.878 
-28435.689 92.778 -14192.098 0.953 -0.002 -0.302 0.003 1.000 0.001 0.302 -0.002 0.953 
-28360.096 90.783 -13894.888 0.987 -0.002 -0.162 0.005 1.000 0.017 0.162 -0.017 0.987 
-28336.240 85.440 -13586.684 1.000 -0.002 -0.011 0.002 1.000 0.017 0.011 -0.017 1.000 
-28349.990 82.192 -13281.216 0.996 -0.001 0.093 0.002 1.000 -0.007 -0.093 0.007 0.996 
-28387.941 89.607 -12970.383 0.981 0.002 0.196 0.004 1.000 -0.031 -0.196 0.031 0.980 
-28454.482 97.593 -12670.593 0.974 0.001 0.227 0.004 1.000 -0.023 -0.227 0.023 0.974 
-28523.379 103.935 -12371.582 0.976 0.000 0.220 0.003 1.000 -0.015 -0.220 0.015 0.976 
-28591.291 108.568 -12069.785 0.976 0.000 0.220 0.003 1.000 -0.015 -0.220 0.015 0.976 
-28681.037 108.452 -11774.416 0.925 0.000 0.380 0.003 1.000 -0.006 -0.380 0.007 0.925 
-28822.459 108.358 -11499.756 0.881 0.000 0.474 -0.001 1.000 0.001 -0.474 -0.001 0.881 
-28969.418 108.033 -11227.509 0.877 0.000 0.481 -0.001 1.000 0.001 -0.481 -0.001 0.877 
-29153.916 107.709 -10977.717 0.754 -0.000 0.657 -0.001 1.000 0.001 -0.657 -0.001 0.754 
-29369.539 108.547 -10758.692 0.670 0.000 0.743 0.005 1.000 -0.005 -0.743 0.007 0.670 
-29607.803 112.165 -10566.415 0.602 0.001 0.799 0.011 1.000 -0.010 -0.799 0.015 0.602 
-29858.787 118.253 -10388.339 0.556 0.001 0.831 0.018 1.000 -0.014 -0.831 0.023 0.556 
-30114.996 123.534 -10223.476 0.522 0.001 0.853 0.012 1.000 -0.008 -0.853 0.015 0.522 
-30379.762 133.879 -10065.012 0.509 0.001 0.861 0.040 0.999 -0.024 -0.860 0.047 0.508 
-30648.381 148.489 -9906.677 0.495 0.001 0.869 0.040 0.999 -0.024 -0.868 0.047 0.494 
-30914.631 176.505 -9759.329 0.481 0.001 0.877 0.110 0.992 -0.062 -0.870 0.126 0.477 
-31182.135 220.736 -9613.620 0.474 0.001 0.881 0.146 0.986 -0.080 -0.869 0.166 0.467 
-31450.584 279.041 -9469.367 0.474 0.000 0.881 0.174 0.980 -0.094 -0.864 0.198 0.464 
-31720.189 333.234 -9330.630 0.424 0.007 0.906 0.119 0.991 -0.063 -0.898 0.134 0.419 
-31998.121 375.307 -9210.857 0.350 0.011 0.937 0.136 0.989 -0.062 -0.927 0.149 0.344 
-32288.357 406.373 -9109.746 0.311 0.006 0.950 0.049 0.999 -0.022 -0.949 0.054 0.311 
-32585.057 420.733 -9024.700 0.250 0.004 0.968 0.043 0.999 -0.015 -0.968 0.045 0.249 
-32883.547 430.758 -8951.625 0.226 0.002 0.974 0.020 1.000 -0.007 -0.974 0.021 0.226 
-33183.633 435.237 -8876.563 0.257 0.000 0.966 0.005 1.000 -0.002 -0.966 0.005 0.257 
-33480.152 437.965 -8795.279 0.257 0.000 0.966 0.020 1.000 -0.006 -0.966 0.021 0.257 
-33777.875 450.277 -8712.139 0.288 -0.001 0.958 0.051 0.999 -0.014 -0.956 0.053 0.288 
-34064.137 478.406 -8606.419 0.430 -0.012 0.903 0.139 0.989 -0.053 -0.893 0.148 0.426 
-34311.383 542.768 -8435.810 0.691 -0.050 0.722 0.224 0.964 -0.147 -0.688 0.263 0.677 
-34463.059 646.463 -8188.255 0.916 -0.103 0.388 0.240 0.916 -0.323 -0.322 0.389 0.864 
-34536.223 773.635 -7919.861 0.973 -0.087 0.213 0.170 0.894 -0.414 -0.155 0.439 0.885 
-34556.977 903.990 -7641.380 0.997 -0.074 0.041 0.085 0.915 -0.395 -0.008 0.397 0.918 
-34536.562 1026.184 -7354.690 0.996 -0.048 -0.074 0.015 0.920 -0.392 0.087 0.389 0.917 
-34496.883 1144.750 -7075.645 0.982 -0.048 -0.186 -0.029 0.922 -0.387 0.190 0.385 0.903 
-34429.254 1263.851 -6797.942 0.969 -0.030 -0.245 -0.063 0.930 -0.364 0.238 0.368 0.899 
-34335.621 1372.795 -6521.651 0.942 -0.028 -0.335 -0.085 0.945 -0.317 0.325 0.327 0.887 
-34219.098 1460.544 -6255.916 0.882 -0.039 -0.469 -0.086 0.967 -0.242 0.463 0.254 0.849 
-34067.520 1533.915 -5994.992 0.856 -0.022 -0.516 -0.092 0.977 -0.193 0.509 0.213 0.834 
-33903.852 1588.866 -5741.695 0.838 -0.011 -0.546 -0.077 0.988 -0.138 0.540 0.158 0.827 
-33726.293 1632.113 -5482.638 0.815 -0.007 -0.580 -0.058 0.994 -0.093 0.577 0.110 0.810 
-33545.891 1655.496 -5244.834 0.771 -0.006 -0.637 -0.019 0.999 -0.033 0.637 0.037 0.770 
-33346.000 1667.204 -5002.938 0.771 -0.002 -0.637 -0.022 0.999 -0.030 0.637 0.037 0.770 
-33144.703 1678.861 -4763.865 0.750 -0.002 -0.661 -0.023 0.999 -0.029 0.661 0.037 0.750 
-32936.789 1690.006 -4537.152 0.723 -0.002 -0.691 -0.019 1.000 -0.022 0.691 0.029 0.723 
-32720.924 1697.897 -4320.042 0.712 -0.001 -0.702 -0.009 1.000 -0.010 0.702 0.013 0.712 
-32508.496 1695.605 -4096.875 0.734 -0.000 -0.679 0.019 1.000 0.019 0.679 -0.027 0.734 
-32299.445 1679.585 -3872.371 0.729 0.000 -0.685 0.051 0.997 0.055 0.683 -0.075 0.727 
-32091.197 1650.651 -3648.842 0.734 -0.000 -0.679 0.078 0.994 0.084 0.675 -0.115 0.729 
-31886.828 1608.078 -3418.868 0.755 -0.003 -0.655 0.098 0.989 0.109 0.648 -0.146 0.748 
-31695.039 1557.042 -3186.440 0.786 -0.006 -0.618 0.115 0.984 0.136 0.608 -0.178 0.774 
-31522.375 1501.528 -2942.432 0.838 -0.012 -0.546 0.111 0.983 0.148 0.535 -0.185 0.824 
